<?xml version="1.0"?>
<opencv_storage>
<customer0>
  903 1 289 111 884 1 314 111 861 1 341 111 841 1 357 111 823 1 368 111
  812 1 368 111 794 1 371 111 768 1 389 111 761 1 379 111 740 1 380 111
  722 1 379 111 710 1 372 111 687 1 373 111 670 1 368 111 653 1 362 111
  637 1 356 111 619 1 354 111 602 1 352 111 587 1 343 111 574 1 337 111
  560 1 329 111 547 1 322 111 533 1 317 111 521 1 309 111 510 1 304 111
  500 1 305 111 494 1 296 111 483 1 298 111 480 1 293 111 475 1 287 111
  469 1 295 111 455 1 318 111 449 1 334 111 444 1 344 111 439 1 348 111
  434 1 344 111 430 1 334 111 426 1 320 111 422 1 302 111 419 1 296 111
  416 1 293 111 413 1 292 111 411 1 290 111 418 1 281 111 407 1 290 111
  406 1 292 111 405 1 293 111 405 1 293 111 405 1 297 111 405 1 309 111
  405 1 322 111 404 1 333 111 404 1 335 111 403 1 334 111 400 1 328 111
  401 1 318 111 401 1 308 111 400 1 306 111 399 1 306 111 396 1 308 111
  395 1 309 111 395 1 313 111 395 1 317 111 394 1 323 111 395 1 329 111
  396 1 339 111 396 1 353 111 396 1 366 111 396 1 371 111 394 1 371 111
  393 1 366 111 392 1 360 111 391 1 350 111 389 1 339 111 388 1 324 111
  388 1 307 111 387 1 295 111 387 1 285 111 387 1 283 111 387 1 281 111
  387 1 283 111 387 1 284 111 387 1 282 111 387 1 283 111 387 1 285 111
  387 1 287 111 387 1 290 111 387 1 292 111 387 1 292 111 387 1 291 111
  385 1 291 111 385 1 289 111 383 1 290 111 382 1 291 111 382 1 289 111
  380 1 293 111 380 1 292 111 380 1 293 111 380 1 292 111 380 1 293 111
  379 1 294 111 379 1 294 111 378 1 295 111 378 1 295 111 378 1 294 111
  378 1 302 111 378 1 320 111 378 1 340 111 378 1 356 111 384 1 359 111
  377 1 368 111 376 1 364 111 376 1 357 111 376 1 353 111 376 1 350 111
  374 1 351 111 372 1 350 111 370 1 344 111 368 1 331 111 366 1 314 111
  364 1 297 111 363 1 295 111 363 1 295 111 362 1 296 111 360 1 298 111
  360 1 309 111 360 1 311 111 359 1 312 111 356 1 313 111 355 1 311 111
  351 1 311 111 347 1 311 111 342 1 310 111 336 1 310 111 328 1 311 111
  319 1 310 111 308 1 321 111 298 1 331 111 287 1 341 111 275 1 347 111
  261 1 342 111 245 1 327 111 229 1 301 111 212 1 318 111 194 1 335 111
  175 1 353 111 157 1 362 111 139 1 349 111 122 1 330 111 105 1 309 111
  89 1 325 111 74 1 340 111 59 1 354 111 45 1 360 111 28 1 351 111 14 1
  333 111 4 5 311 107 1 1 313 111 1 1 312 111 1 1 298 111 1 1 270 111</customer0>
</opencv_storage>
