<?xml version="1.0"?>
<opencv_storage>
<c0>
  903 1 289 111 884 1 314 111 861 1 341 111 841 1 357 111 823 1 368 111
  812 1 368 111 794 1 371 111 768 1 389 111 761 1 379 111 740 1 380 111
  722 1 379 111 710 1 372 111 687 1 373 111 670 1 368 111 653 1 362 111
  637 1 356 111 619 1 354 111 602 1 352 111 587 1 343 111 574 1 337 111
  560 1 329 111 547 1 322 111 533 1 317 111 521 1 309 111 510 1 304 111
  500 1 305 111 494 1 296 111 483 1 298 111 480 1 293 111 475 1 287 111
  469 1 295 111 455 1 318 111 449 1 334 111 444 1 344 111 439 1 348 111
  434 1 344 111 430 1 334 111 426 1 320 111 422 1 302 111 419 1 296 111
  416 1 293 111 413 1 292 111 411 1 290 111 418 1 281 111 407 1 290 111
  406 1 292 111 405 1 293 111 405 1 293 111 405 1 297 111 405 1 309 111
  405 1 322 111 404 1 333 111 404 1 335 111 403 1 334 111 400 1 328 111
  401 1 318 111 401 1 308 111 400 1 306 111 399 1 306 111 396 1 308 111
  395 1 309 111 395 1 313 111 395 1 317 111 394 1 323 111 395 1 329 111
  396 1 339 111 396 1 353 111 396 1 366 111 396 1 371 111 394 1 371 111
  393 1 366 111 392 1 360 111 391 1 350 111 389 1 339 111 388 1 324 111
  388 1 307 111 387 1 295 111 387 1 285 111 387 1 283 111 387 1 281 111
  387 1 283 111 387 1 284 111 387 1 282 111 387 1 283 111 387 1 285 111
  387 1 287 111 387 1 290 111 387 1 292 111 387 1 292 111 387 1 291 111
  385 1 291 111 385 1 289 111 383 1 290 111 382 1 291 111 382 1 289 111
  380 1 293 111 380 1 292 111 380 1 293 111 380 1 292 111 380 1 293 111
  379 1 294 111 379 1 294 111 378 1 295 111 378 1 295 111 378 1 294 111
  378 1 302 111 378 1 320 111 378 1 340 111 378 1 356 111 384 1 359 111
  377 1 368 111 376 1 364 111 376 1 357 111 376 1 353 111 376 1 350 111
  374 1 351 111 372 1 350 111 370 1 344 111 368 1 331 111 366 1 314 111
  364 1 297 111 363 1 295 111 363 1 295 111 362 1 296 111 360 1 298 111
  360 1 309 111 360 1 311 111 359 1 312 111 356 1 313 111 355 1 311 111
  351 1 311 111 347 1 311 111 342 1 310 111 336 1 310 111 328 1 311 111
  319 1 310 111 308 1 321 111 298 1 331 111 287 1 341 111 275 1 347 111
  261 1 342 111 245 1 327 111 229 1 301 111 212 1 318 111 194 1 335 111
  175 1 353 111 157 1 362 111 139 1 349 111 122 1 330 111 105 1 309 111
  89 1 325 111 74 1 340 111 59 1 354 111 45 1 360 111 28 1 351 111 14 1
  333 111 4 5 311 107 1 1 313 111 1 1 312 111 1 1 298 111 1 1 270 111</c0>
 <!-- resumed -->

<c1>
  975 1 294 111 951 1 318 111 945 1 324 111 945 1 324 111 945 1 324 111
  911 1 348 111 864 1 378 111 855 1 372 111 844 1 368 111 826 1 372 111
  827 1 357 111 803 1 368 111 781 1 377 111 768 1 390 111 768 1 365 111
  767 1 352 111 762 1 345 111 729 1 367 111 686 1 398 111 671 1 401 111
  669 1 391 111 669 1 379 111 669 1 368 111 663 1 363 111 652 1 366 111
  648 1 362 111 645 1 359 111 643 1 356 111 644 1 351 111 643 1 348 111
  636 1 352 111 642 1 344 111 642 1 343 111 640 1 344 111 637 1 347 111
  632 1 353 111 630 1 355 111 629 1 357 111 632 1 354 111 632 1 354 111
  634 1 351 111 634 1 349 111 633 1 348 111 632 1 347 111 632 1 344 111
  633 1 341 111 637 1 335 111 642 1 329 111 650 1 319 111 660 1 309 111
  669 1 299 111 672 1 295 111 678 1 289 111 677 1 290 111 677 1 290 111
  679 1 288 111 677 1 290 111 679 1 288 111 677 1 290 111 677 1 290 111
  679 1 288 111 679 1 288 111 678 1 289 111 679 1 288 111 678 1 289 111
  669 1 298 111 661 1 306 111 654 1 313 111 648 1 319 111 645 1 322 111
  642 1 325 111 642 1 325 111 639 1 328 111 639 1 328 111 639 1 328 111
  640 1 327 111 641 1 326 111 641 1 326 111 642 1 325 111 642 1 325 111
  644 1 323 111 646 1 321 111 646 1 321 111 644 1 323 111 642 1 325 111
  643 1 324 111 640 1 327 111 645 1 322 111 650 1 317 111 655 1 312 111
  662 1 305 111 668 1 299 111 674 1 293 111 677 1 290 111 677 1 290 111
  677 1 290 111 677 1 290 111 676 1 291 111 673 1 294 111 671 1 296 111
  668 1 299 111 665 1 302 111 661 1 306 111 657 1 310 111 655 1 312 111
  654 1 313 111 650 1 317 111 646 1 321 111 644 1 323 111 642 1 325 111
  647 1 320 111 653 1 314 111 654 1 313 111 658 1 309 111 662 1 305 111
  667 1 300 111 667 1 300 111 670 1 297 111 671 1 296 111 671 1 296 111
  679 1 288 111 675 1 292 111 679 1 288 111 679 1 288 111 679 1 288 111
  676 1 291 111 672 1 295 111 662 1 305 111 655 1 312 111 654 1 313 111
  651 1 316 111 649 1 318 111 650 1 317 111 654 1 313 111 656 1 311 111
  653 1 314 111 652 1 315 111 654 1 313 111 658 1 309 111 658 1 309 111
  658 1 309 111 666 1 301 111 666 1 301 111 667 1 300 111 667 1 301 111
  670 1 298 111 670 1 299 111 670 1 300 111 674 1 297 111 679 1 293 111
  675 1 298 111 675 1 300 111 675 1 301 111 675 1 303 111 681 1 298 111
  682 1 298 111 677 1 303 111 673 1 307 111 669 1 310 111 693 1 285 111
  669 1 306 111 674 1 298 111 705 1 265 111 685 1 283 111 691 1 276 111
  689 1 278 111 689 1 277 111 693 1 273 111 693 1 273 111 693 1 274 111
  692 1 275 111 692 1 275 111 692 1 275 111 692 1 275 111 692 1 275 111
  692 1 275 111 692 1 275 111 692 1 275 111 692 1 275 111 692 1 275 111
  692 1 275 111 693 1 274 111 693 1 274 111 693 1 274 111 693 1 274 111
  693 1 274 111 690 1 277 111 689 1 278 111 689 1 278 111 687 1 280 111
  684 1 283 111 679 1 288 111 662 1 305 111 660 1 307 111 662 1 305 111
  676 1 291 111 682 1 285 111 687 1 280 111 684 1 283 111 680 1 287 111
  675 1 292 111 682 1 285 111 687 1 280 111 688 1 279 111 688 1 279 111
  693 1 274 111 693 1 274 111 693 1 274 111 693 1 274 111 693 1 274 111
  693 1 274 111 693 1 274 111 693 1 274 111 693 1 274 111 693 1 274 111
  693 1 274 111 693 1 274 111 692 1 275 111 692 1 275 111 692 1 275 111
  692 1 275 111 692 1 275 111 692 1 275 111 692 1 275 111 692 1 275 111
  696 1 271 111 690 1 277 111 691 1 276 111 687 1 280 111 686 1 281 111
  687 1 280 111 693 1 274 111 691 1 276 111 691 1 276 111 690 1 277 111
  688 1 279 111 685 1 282 111 685 1 282 111 686 1 281 111 685 1 282 111
  686 1 281 111 686 1 281 111 687 1 280 111 689 1 278 111 692 1 275 111
  692 1 275 111 692 1 275 111 692 1 275 111 692 1 275 111 692 1 275 111
  693 1 274 111 693 1 274 111 693 1 274 111 693 1 274 111 693 1 274 111
  693 1 274 111 693 1 274 111 693 1 274 111 693 1 274 111 693 1 274 111
  693 1 274 111 692 1 275 111 689 1 278 111 687 1 280 111 687 1 280 111
  681 1 286 111 687 1 280 111 687 1 280 111 690 1 277 111 691 1 276 111
  689 1 278 111 691 1 276 111 691 1 276 111 693 1 274 111 692 1 275 111
  692 1 275 111 692 1 275 111 692 1 275 111 692 1 275 111 692 1 275 111
  692 1 275 111 693 1 274 111 693 1 274 111 693 1 274 111 693 1 274 111
  693 1 274 111 693 1 274 111 693 1 274 111 693 1 274 111 693 1 274 111
  693 1 274 111 695 1 272 111 695 1 272 111 695 1 272 111 695 1 272 111
  695 1 272 111 695 1 272 111 695 1 272 111 695 1 272 111 695 1 272 111
  695 1 272 111 695 1 272 111 695 1 272 111 695 1 272 111 695 1 272 111
  695 1 272 111 695 1 272 111 695 1 272 111 695 1 272 111 695 1 272 111
  695 1 272 111 705 1 262 111 705 1 262 111 705 1 262 111 705 1 262 111
  705 1 262 111 705 1 262 111 705 1 262 111 695 1 272 111 695 1 272 111
  695 1 272 111 695 1 272 111 695 1 272 111 695 1 272 111 695 1 272 111
  695 1 272 111 695 1 272 111 695 1 272 111 695 1 272 111 695 1 272 111
  695 1 272 111 695 1 272 111 693 1 274 111 682 1 285 111 678 1 289 111
  678 1 289 111 678 1 289 111 667 1 300 111 665 1 302 111 652 1 315 111
  642 1 325 111 636 1 331 111 637 1 330 111 641 1 326 111 645 1 322 111
  647 1 320 111 643 1 324 111 640 1 408 111 692 1 431 111 692 1 428 111
  692 1 426 111 692 1 425 111 693 1 426 111 693 1 427 111 693 1 428 111
  693 1 429 111 693 1 430 111 693 1 432 111 693 1 433 111 693 1 433 111
  693 1 438 111 695 1 434 111 695 1 434 111 695 1 432 111 695 1 429 111
  695 1 420 111 695 1 413 111 695 1 407 111 695 1 401 111 695 1 396 111
  695 1 392 111 695 1 390 111 695 1 390 111 693 1 392 111 693 1 393 111
  693 1 394 111 695 1 393 111 695 1 393 111 695 1 393 111 693 1 394 111
  687 1 398 111 681 1 404 111 681 1 404 111 681 1 403 111 681 1 403 111
  678 1 406 111 669 1 415 111 656 1 428 111 652 1 434 111 653 1 435 111
